1
2
5
13
29
34
89
169
194
233
433
610
985
1325
1597
2897
4181
5741
6466
7561
9077
10946
14701
28657
33461
37666
43261
51641
62210
75025
96557
135137
195025
196418
294685
426389
499393
514229
646018
925765
1136689
1278818
1346269
1441889
1686049
2012674
2423525
2922509
3276509
3524578
4400489
6625109
7453378
8399329
9227465
9647009
11485154
13782649
16609837
16964653
20031170
21531778
24157817
38613965
43484701
48928105
63245986
78442645
94418953
111242465
137295677
144059117
165580141
205272962
225058681
253191266
285018617
298045301
321534781
375981346
433494437
447626321
537169541
576298801
647072098
780291637
941038565
981277621
1134903170
1311738121
1405695061
1475706146
1873012681
2151239746
2561077037
2971215073
3057250481
3778847945
4434764269
4801489937
5348189873
6449974274
6684339842
7645370045
7778742049
9629807441
9676815637
10910721905
14001740009
14653451665
17445941365
19577194573
20365011074
24793343170
25209506681
30395743789
32124537073
44208781349
44560482149
50130543874
53316291173
56399710225
63557570729
65995009186
71700814274
83842154089
95969331289
99816291793
119154326114
128367472469
139583862445
143367113573
162930183509
172765826641
208333239010
251250963713
259717522849
292182217634
303011495165
311809494089
328716329765
365435296162
370238963953
417673428514
479716816349
571101889373
665048316673
679944086914
815959972309
841771717954
956722026041
982145940029
1070710724173
1184065449986
1427933269321
1490542435045
1513744654945
1722099665665
1915868454737
2076871684802
2135248790338
2156735837173
2504730781961
3099893879221
3267653834825
4360711162037
4508515437145
4643961467965
5528778008357
5587637513705
6557470319842
7163627708162
8115549747397
8822750406821
9787184545081
9925594216162
10153507819457
14173019355266
14235090298445
14622039889385
15988960048321
17167680177565
18696424380481
21246581423810
22592065572301
26500373448281
30901824368813
31801503090601
36332699889481
44945570212853
46127828641049
48795987025021
51422757785981
57850602535042
65082055350517
67082333460610
73224462646361
80902026460669
82561235448866
93139301545921
97568760404309
100169256075517
106974698806081
117669030460994
127353146734466
145624636022689
148135740183017
151620880341401
180995342924521
187611224490881
217774440785026
238763690000642
262229286072101
299713796309065
308061521170129
316141040381993
332380318337465
379325837704445
381249713544034
426776599819081
459789046174429
473638416248177
542557456311485
554510738235029
668746232531714
686480075504546
767465181141553
806515533049393
867493136119153
971341527703714
998123312425769
1032834620396045
1451727959691893
1491304701603697
1597456854383053
1746860020068409
1797110092720441
1965217522626434
2111485077978050
2210871958107149
2264132942340130
2487396418774357
2613117102565793
2801598191304130
3151440817820989
3160519691308253
3243440684655313
3565466389961309
4169218794693154
4583654867317685
4704586218916261
4963446454828093
5032254317345729
5527939700884757
5909324059011749
6369686478515453
7054174412588354
8487613404424009
9950291461929757
10181446324101389
10216281973762705
10881286283486669
11454127114764514
12315957481333442
12885900008113189
14472334024676221
14497376284172417
14851330019499401
15423171693415289
16320019794869474
17910542369308357
18410741231768629
20769646571311849
21600295969140418
23854878116939714
26050201244948621
26071224093240493
28399179102482729
31416837838692077
32996473695239650
33809973988413085
37889062373143906
40254049821997474
41836262445484585
46890399112653461
48306462250737473
53243232159418993
58122604880389733
59341817924539925
70014236857598818
74119312578961858
84408473716542145
84495546415824461
99194853094755497
101791412246620601
107246981290506205
120987879709637005
122760633575886146
148050629787671833
152098457523687709
162490622100759545
170948508608659325
178550735571442681
193444774170515257
215334210003526850
216374893891527449
220982134924542370
259695496911122585
274928228722804802
274931806748021285
321391445608042501
345869461223138161
356225714899712657
389103143876318786
437741062110271361
467451894441411937
479821663912492873
492468238677328261
504879514678912001
554089499168198050
578533194662405393
624740857339396181
679891637638612258
704781710583139757
719456442471486722
795083016001323586
885654153989035201
929717094792192841
1014754107682042729
1041960592067720393
1106826183615792341
1317721482167652770
1419654110929153357
1475922632185995869
1514605049313217409
1568875108437505441
1779979416004714189
1806716166499772281
1882712585118200317
2015874949414289041
2202849224252358050
2265289712054875106
2267859318091952066
2551341844571056181
2727709008512487785
3203962948810796705
3229418474431275586
3288314519687387965
3439216422099659041
3639273892628002565
3965249491011816034
4105512645967389917
4631538046100996386
4660046610375530309
4782002869762131869
4926784263099905761
5319530845378750141
5767133969508832793
5807217033698822285
6332889583692319097
6955228115909136034
7350141181533573809
8388083898679596985
8976259355318572981
9329254482520315202
10116124215298444229
10381058437048657489
10715286288760241761
11749380235262596085
11873002007860434797
12200160415121876738
12892675905544896866
14870309804793867265
15098552300396798449
15512551362714542621
16729147081431152033
18693538910854785445
21199693143359387641
22536746341276370722
23427787648790004482
23915538687048093805
30086170011533956333
31940434634990099905
32776282748649748229
33738261147336645437
36234680056279076965
38077830163263311458
39528521926677701314
47671842670353703885
48199416741154714897
48937104868875319685
51357327431284876997
57492782342988230537
61145875179240714725
61307760809067308185
68480406462161287469
69336946874903113730
71152051535751777410
77040457269933129058
79436736965781539458
83621143489848422977
86670515815463272933
88288153812561006145
97504568602938767093
106269764108933717381
109701644200805756546
112584526186921542109
123493587631041472585
139313746135132111429
150518058281736697361
154466196153475428721
157163160925331158754
177299947101905198369
186278228787121175797
197274430554232129649
207322742919864310369
218922995834555169026
231037339771885978498
246817262312023562914
249680425667877724613
270932510618828597309
293839010049990665429
326747670521202842701
335375837721888488365
349843802840003229449
399133058537705128729
402889603100217922529
417621233454901407394
449024690854923380738
475242503909023351877
487682052324683294377
502483561167919226449
541093722798958247969
568298004205954514389
573147844013817084101
604591330378176488825
639377785932139777186
709310518376849486434
728288085061521327842
811537892743746482789
877967660799051253213
1022044126238165480113
1031666119224886592341
1032812214633950882209
1058706762648552157681
1092853862475772082489
1186231523641344341729
1276766403184953362786
1293524690400111688738
1412205977645908208738
1500520536206896083277
1539786348825798161681
1582128140539359659633
1637308793482201336309
1681228510057627864705
1856999037623321155549
2239561850749631275426
2326317944764069484905
2383120256881950368834
2647626204520717540738
2700936965172437915477
2859839177351571743249
2944246153841345338313
3257360580488260349405
3312281939323534675525
3342613164735734904821
3440971837880006083249
3685730661238695520453
3928413764606871165730
4192795166981291997989
4727413983444628171877
4861686576459052214909
5224167480982947422353
6016364291885481890725
6017226864647074440629
6701523421651270833977
7256344996166992085410
7483782050959192035490
8481644573811898841081
8751062638547598754477
9619426234451704501165
10284720757613717413913
10553850173604001243121
10742522469789678961538
10838473978519171452469
11452182009203440684801
13558774610046711780701
13671355585559045116805
15253621436302560548866
15350185284346745937385
15753153449265958050613
16276512818452394646605
17160324137960086259545
17714036117654383586477
18512497363704732817213
19305384788246408337221
19583966206379464838845
21719326719219713896226
22326281559508799093954
24437009169244862540065
25105841795148372846050
26925748508234281076009
27538385064574826027893
28373628844317611867333
31066266343734242084066
33322495357161094766089
34205046948596447247977
34719414122086092367501
35046680102952587446841
35586794015340323392817
39537093120708857912701
46232041954034949019426
48466347314821771297549
49735182232078245788989
51248383481100280387037
55039142643197793731537
59980579519486669950713
65524000796014166992181
70492524767089125814114
70594467392108311652281
74278243910595775864994
78011745950865685685602
79026329715516201199301
87239425379729448809089
88904620929955756137826
92880544143216823669801
100017698634216795220465
105211735138111874054809
107971650116744824616369
111460350432353938911821
112519975246543077245201
120661473706121882570041
126587483345375329050530
134109579573049761188066
142427042904579372145177
153026610336073333308269
157031163807552948493529
160418075214202294975201
161361557783651970739945
171013798969579888367677
180968448982555322240066
184551825793033096366333
194450189953399699730629
204154822883895634519217
227654521902772165402277
228395780658419954071298
230312492325324945736201
234414077118826997219906
264524310241174409455426
282670740345210215294273
288125967224696889632717
314915600124781597071341
332193286427459682034949
340889056888186170426313
350945389194072288144061
364724980110631249110146
374906378563323531705461
411112840260959912771074
446341255878891162918658
460599203683050495415105
463913618218469169904757
483162952612010163284885
495806247374877589760513
509043757395006586948249
531412506201945692732197
582945867435938274900113
590408770606112151149777
597947916271922307518345
634366378686188489810201
721131960679835445359554
763272198360425197120802
821901408791544262340930
830112327169669648115621
869693314701618465029413
918373367448291334084861
934475961284071028181221
1048859990793004534063925
1076307169413674332240933
1105418076044846554434457
1164938255859701922582821
1179438036024688975014913
1189247941013767952864377
1264937032042997393488322
1332606300887233737621794
1341622257335843382777785
1492726288857469632379330
1606577036114427599277221
1660044297644255321814017
1801841934429900143908045
1889331740261050889589829
1937416936050766752648037
2145088798354617682802845
2336481820141697201555170
2395522925625613673688121
2403250386096294613733090
2684568892382786771291329
2817808176937507387634873
3020140003930635174795554
3040456474035423799188365
3048650987527544672727298
3311648143516982017180081
3398306459091671126906369
3488579394100506875102789
3619958101328574172753405
3822365022391267929949429
3950150617499961758244913
4098395985658467538462306
4300177069775551281276034
4838171611700739862173881
4942711989610004664761533
5072174771262290419044101
5598489540177450361754773
5960966658330567915178625
6288958960471186956367781
6927637933290251093611669
7188993325214958405139202
7377116075832953384571170
7733552221267203657531749
7815252499794152790007913
7935506964356007528898498
8670007398507948658051921
8816594465970973409333954
9132619424688096872333209
9787792009793322917013869
10309538033006873767021609
10729739988818055646903181
11011431723025963761116801
11367860008620254304958885
14611556787463785187334210
15606013317314308032482585
15646814150613670132332869
15742174684544768573529509
16014439846539235958561041
16457296765791961655814757
17395856662027256694321797
17602665919440379072495234
19802999160360266347929133
20034491285262468731228429
20711452809824477209180153
22278375667656595524562589
22698374052006863956975682
23907937338975678451159138
24724012255942898707951234
25063256845300275427249250
28090823978577656449007021
28198478478467784309061741
31726880474457937380584713
33877851966572370188512093
34764821228171158054725901
35772340987981681929772802
35792988725086395621465569
38134855878754058267907233
40066173810717339058139533
40355056064972093419107929
45525609987859044631118449
49274093285711704301910485
50563493978887545703434661
50708751336660982153105474
51358652976332828948290594
51917472149415710498606401
54056316681514302443684489
58987734952258251964218269
59425114757512643212875125
62587680623066009206461689
64179604375679623950894097
70224766621773193803945629
73542731941108001861235682
81288666109244389772804689
83602432296793580203832674
91015356306777369659693437
91196316011299234022705885
99529737161285445039322585
103450654281421730622313570
106965206563522758527363113
109764427744377857360056561
112741805282595829380862145
115420337456180185233394585
118499790740824178960116289
129847887232583655731966705
131658508218958488988859533
132376941886101284344225346
141085485407671175913712994
155576970220531065681649693
159648063649711726845509909
164350141738008707151800641
169308198929261263610928589
183280328385937618771157185
184914845154257400409396153
203712311444697708993575209
232202251776323031320150914
235077875914593228457734305
245107975838455030285843490
259769844009876168187086946
262713121001086463541854585
265196954943892646592643633
280038546396955919399820209
295142484510882790131509945
332496488775704629996257497
337729659674766971708234189
346567322868018642565142141
355800891232016446574904001
401802671206705795353304445
407305795904080553832073954
420865311700729453382086274
428950051415687521932577378
504069383547522967854577193
517283065521152992720743713
531531081917181734003902441
533085545064611653385916913
534188325259439831720272661
569469083378776379133778141
597972467156829451087151522
623826787825626905904799925
672719025568859974961152541
677992063292298181000651709
752336273025664278832878850
756808937522476791854134501
772642286017251542625159874
851412135642893402575093186
880865873666373817705029122
907325003649417760312002277
957887465805271139784294557
963602111603086861120287925
1066340417491710595814572169
1077745414836823698166062833
1094244101523701922246787853
1122995049716840216629506205
1159409966632444445463479797
1213883553946175622717958210
1319670778797822554429031554
1361070471528364839001729201
1369388228677423876952085901
1544832159865985080728592865
1591537910467566660843417529
1633197449661889114902453493
1678482908552996436922365269
1742766260773617220990705922
1769540429964269926306851125
1919412751485079074414539089
1966061028818406361423559041
2022670857200675646922875289
2180181292731630687708108157
2298980749318578815096799361
2314833524437657097655728834
2375407627686025052906312290
2521606195267761358063409282
2736931443799834315425975362
2759873876297729920861759885
2791715456571051233611642553
2940011028152092540941122753
3097990175491791170000708761
3258311292956532246243094661
3454942952806143529584012769
3485238947428265067262733282
3545442908767344835919741189
3879105994487597861648750461
3920893815911163156074328761
4411005678421037675695149817
4467601714038755325761414461
4618451382394470259409269666
4962391243571582984685261826
5025087821827892223571519753
5156587424009021364228123433
5295073115480261543965183409
5498713972797847286462053361
5582887775110774251467379485
6000133100557844550023516041
6218897721294567681688413245
6281459869989538468888189205
6598675664413504828780397201
7071179475542977839205826722
7308805952221443105020355490
7696975020357758463788906210
7939553313711699590069181826
7977033625748714142745052257
8924512561815489160047679025
8998996342286269578653364101
9045158079516407229342912169
9552919679908927941340929901
10152006871981391078604242306
10908563121496139438819766985
11194070542156175027972809049
11295087347641506332888873957
11452749301229895530523066241
11498558720748729750293504333
12054029854689213198649480981
13154000370043349013611218561
13861770538929885458332983074
14296572970065931730067261314
15659808041055147529919143682
15866105011388832711881867645
16710676312281505631128051057
17267771869310218281899565301
18056409971033565286000350125
18126921661634026173420794321
18642966499682719969215962981
19134702400093278081449423917
20150749060709553423490541077
22194420597434065897755017425
23069031498477309940595876861
24300560303309407402007615810
25709224786321683663005927657
26424294406308291278661251746
29306416168104163256567950553
29359256924057136932364526082
31460683183191329406107570801
32538932830986223967774256649
34442464320167900551709702717
35343761579529330839682313789
36288202130523157040303752729
36610443946341812118699119257
37555758340264444684983277841
40870691328568051967481942497
42624957645454320325957989058
45187240666895483169852839650
46236329858153687187000653293
46468243390446044680296455849
50095301248058391139327916261
51406180302858204583750501961
52421186762132405617179115705
52754840269111977431056952581
54369498763958877584683273801
57926136014069159432997376793
58517855005014574815599220994
61996435776894423498720979805
65417750502229956341961169001
66714849963559728698835568265
74061915496085753153899956745
74768403940004571920450523106
78801937521168861640149405602
82111509452426210071633345922
90171542246505104058829087981
93751461575379756817272172381
94997505352640315561381170609
105240469650709600546001391989
106668830530860099415700599093
108747901555284171885517344677
111593587400165282985715039729
114528057150952453928398882705
118248418781665368550446102485
118395528357048300616191040834
119121033682934292481064646178
126989038358599393219674441257
131151201344081895336534324866
133194969401875321528860896989
138112641061350767863439667746
151600267580890508054269585153
162308776044940192337718215677
166558052305813187083339100681
168575063994815556396047416994
171188799375639844604425442681
196429139676983861386463249293
200868842791631959482233555917
213377882481136085940648917197
214308759453708372996106368085
240077300357428045177592525282
242249689099000057861154217730
248690359218286909863741460514
270689299528632194363285692481
278396059500329073285543709378
292155803471311472379075371789
303170713980722294380830087629
305365979844607621211274622129
309438866871740876153844943505
343358302784187294870275058337
352343201235372270078789205241
361580122764773455623154853777
372318665268313948330622707765
383700462830524261776401190929
388629060900016099343031331229
394590215897852625108669749341
424929892357211950572145839586
438422792832038647624044332189
512470264458532408469320533421
512662397560010068892819235874
525881350412739563704969625141
540045540306557204826519669737
610323438484070982708399950869
613386407933224037990008001809
615111325706129827621134120125
618044945011537130779849014821
651037040799629773892401592669
690059708924877042744656996834
726588729472006771099805268569
745369205875600370486739545090
764873820176527042610051347874
776317172541353810211680561909
782807375467951730599394250509
809756386744289912149181068738
873356821327065941781590240389
898923707008479989274290850145
946619977533503335086066413197
982527011812231935095863658434
1105347615237866983116729559565
1112480901024825851800952869661
1172740247711087838700556579821
1226159428897384894172729967469
1243637495696486905450410186137
1338002774456856592145893641749
1399250608845256579653038149570
1463710973158710255853227547874
1570674144705696999519020482753
1576833801606015913272824267293
1618062672615263980714769483237
1660403971523516396769352449361
1704325128748183352025892981885
1761142976042098173329786265965
1778834254864875682891417838669
1896331574010865112612803478909
1987884464517170186249938028290
2002465649630273498069395299409
2006735786417960964019690436930
2119014907522251749159258541109
2263852006840892278216595219413
2353412818241252672952597492098
2478259521053602778017480047010
2549613141108065857439505466402
2553911735521290370477695481129
2933283094784714571783337520834
3070072095508573938630354580421
3184687758019171425297875120485
3492066968388659299531591278953
3512523447269716547119891339885
3575077977948634627394046618865
3604442927034606190738923460537
3830318150567431858642996885289
4042202986643379102304276341826
4157297925017984303924614574389
4461687987698538937501983170530
4524708065844691127165712652565
4949255738120170931371994911042
5090296584922886586387201026209
5108836539573918421521659470949
5144290518330273973045056076129
5242523109267547109693802176833
5380174527180485355593043054349
5545155788243787840312970565789
5892359360223703873888298858201
6161314747715278029583501626149
6442434982216395329145199196981
6546982635556522577428300456753
7015424609364773976605043076409
7248334297344890929854625921277
7625057531112285303318164262466
7824639294508191782414518576610
8352542904721828699561686301954
9185456692292635722904494799753
9436552168127841116495774696545
10023383990150286149988446455513
10298879762782736289698463878717
10362160538940454450746455616185
11090366545887500453285263916845
11380577448437486047833201012241
12060176252674248098532194336069
12917114652850747598435152234117
13034520287007857345192198088377
13187448970635954156415381081525
14510871351937712581481416787714
14877112366126797898364656678225
16130531424904581415797907386349
16497174765705639872037597226946
16552630391318135848396418283449
16986056887192047602845268725289
17459579053406711153214472788193
18310063413765888718826196494725
19962659782619590305123780018001
19980441423015687919733405190065
20837081459758583726374271711381
20883965257219942200529687939649
21039822062151236027956922421745
23441716642228406692182359763106
23786670857499935999331184732117
24075193866429459736780589321314
25363978128261812951786547640802
26229734101622209159596566771458
26371931222517721515510226765117
26563329820516828691722599640157
29034956564828246548491332315645
29668422676433268881771480700473
30578562309252889511360569104857
33376979289915628822418692593506
33712911630451089504559433970941
33806179835025266800528659230690
35016486571141828580164876751549
35932787772512828365578924750725
36875557876080306815829878440909
37549245077218391931910188796585
37972853323463453111442414848053
40138485494867788787552618382773
42230279526998466217810220532898
42245710882690208376501365652625
43802817282093734715363599563217
44470012075948837809569432448034
47531806006098507009968882204834
52262921816733669760257927219641
53356684590135544296459695760301
53507614156957752025199462624153
53630725573190772220283390950949
57047172194849435533590891089245
60362212372938768121282741975801
